<?xml version="1.0" encoding="UTF-8"?>
<!DOCTYPE svg PUBLIC "-//W3C//DTD SVG 1.1//EN" "http://www.w3.org/Graphics/SVG/1.1/DTD/svg11.dtd">
<!-- Creator: CorelDRAW 2019 (64 Bit) -->
<svg xmlns="http://www.w3.org/2000/svg" xml:space="preserve" width="627.181mm" height="170.819mm" version="1.1" style="shape-rendering:geometricPrecision; text-rendering:geometricPrecision; image-rendering:optimizeQuality; fill-rule:evenodd; clip-rule:evenodd"
viewBox="0 0 62718.1 17081.9"
 xmlns:xlink="http://www.w3.org/1999/xlink"
 xmlns:xodm="http://www.corel.com/coreldraw/odm/2003">
 <defs>
  <style type="text/css">
   <![CDATA[
    .fil2 {fill:#373435;fill-rule:nonzero}
    .fil0 {fill:#C33538;fill-rule:nonzero}
    .fil1 {fill:#2F2F2F;fill-rule:nonzero}
   ]]>
  </style>
 </defs>
 <g id="Camada_x0020_1">
  <metadata id="CorelCorpID_0Corel-Layer"/>
  <g id="_1640753621488">
   <path class="fil0" d="M10945.16 8925.25c-64.35,-426.58 -96.66,-955.43 -96.66,-1586.34 0,-584.34 35.1,-1092.69 105.48,-1524.92 69.92,-432.25 105.09,-794.52 105.09,-1086.9 0,-233.68 -58.38,-426.51 -175.01,-578.42 -116.91,-151.87 -265.15,-271.92 -446.12,-359.44 -180.66,-87.46 -384.85,-149.09 -612.25,-184.12 -227.51,-35.06 -452.15,-52.32 -673.59,-52.32 -151.8,0 -306.04,105.1 -463.73,315.6 -157.3,210.18 -314.54,472.97 -472.4,788.67 -157.2,315.35 -311.82,660.29 -463.24,1034.06 -151.8,373.98 -285.57,718.89 -402.27,1034.06 -116.7,315.7 -216.01,578.84 -297.71,788.89 -81.45,210.5 -139.73,315.63 -174.62,315.63 -35.14,0 -29.25,-175.44 17.35,-525.68 46.46,-350.77 93.24,-788.88 140.06,-1314.98 46.49,-525.74 72.81,-1092.44 78.67,-1700.1 5.92,-607.73 -43.68,-1174.47 -148.74,-1700.39 -105.09,-525.89 -291.64,-964.07 -559.71,-1314.49 -268.5,-350.84 -653.52,-526.03 -1154.61,-526.03 -256.68,0 -498.86,140.37 -726.26,420.8 -227.19,280.53 -440.16,648.33 -638.57,1104.3 -198.26,455.68 -381.56,970.1 -550.82,1542.48 -169.44,572.67 -320.93,1147.94 -455.16,1726.43 -133.81,578.31 -250.22,1130.72 -349.67,1656.61 -98.95,525.92 -177.62,969.99 -235.76,1332.09 -11.78,-93.28 -17.68,-198.51 -17.68,-315.71 0,-116.38 0,-239.04 0,-367.94 0,-631.05 31.97,-1238.5 96.42,-1823.02 63.92,-584.09 96.13,-1133.12 96.13,-1647.68 0,-256.86 -128.38,-467.25 -385.34,-631.05 -257.21,-163.48 -540.7,-277.32 -849.95,-341.66 -309.81,-64.18 -593.65,-81.74 -850.47,-52.5 -256.72,29.04 -385.52,108.02 -385.52,236.4 0,128.73 35.03,216.6 105.09,263.14 70.35,46.84 105.41,134.23 105.41,262.92 0,303.81 -5.96,680.79 -17.67,1130.48 -11.57,449.82 -5.79,920.32 17.67,1410.97 23.22,490.99 66.78,984.67 131.24,1481.35 64.2,496.88 172.22,940.68 324.2,1331.98 151.8,391.9 359.48,709.93 622.3,955.36 263.03,245.53 593.16,368.01 990.49,368.01 221.8,0 341.81,-46.53 359.27,-139.98 17.5,-93.48 -2.96,-257.1 -61.31,-490.89 93.27,-338.66 192.51,-785.74 297.89,-1340.94 105.19,-554.92 216.46,-1145.01 332.91,-1770.42 116.6,-624.87 239.79,-1255.96 368.16,-1892.93 128.66,-637.01 263.24,-1212.53 403.19,-1726.67 140.51,-514.18 286.21,-931.76 438.19,-1253.25 151.9,-321.38 315.63,-482.17 491.13,-482.17 93.38,0 151.45,131.51 174.95,394.33 23.31,262.96 20.49,604.88 -8.65,1025.6 -29.07,420.83 -72.92,891.11 -131.23,1410.86 -58.7,520.21 -114.19,1031.56 -166.69,1533.92 -52.56,502.49 -102.37,975.78 -149.01,1419.71 -46.74,444.22 -70.27,794.85 -70.27,1051.78 0,385.65 79.09,698.43 236.6,937.68 158.15,239.64 344.91,427 561.13,560.88 216.08,134.87 438.26,222.29 666.12,263.07 227.79,40.95 411.83,61.52 552.16,61.52 70.07,0 151.88,-64.17 245.4,-192.97 93.38,-128.48 195.65,-295.1 306.67,-499.53 110.7,-204.3 222,-441.15 333.02,-709.93 110.95,-268.68 219.14,-543.42 324.45,-823.88 244.97,-642.62 502.11,-1384.65 771.24,-2226.13 11.4,888.19 98.99,1682.85 262.96,2383.89 70.17,303.99 160.44,596.02 271.43,876.44 111.19,280.53 245.53,534.82 403.22,762.64 157.91,227.86 344.53,408.9 561.1,543.24 216.11,134.27 470.25,201.65 762.24,201.65 186.98,0 291.96,-55.56 315.78,-166.58 23.17,-110.7 14.42,-294.99 -26.39,-551.96 -40.96,-257.07 -93.81,-598.98 -157.73,-1025.52z"/>
   <path class="fil0" d="M14546.95 4008.27c93.28,-350.38 210.47,-660.02 350.77,-928.87 140.19,-268.71 303.56,-484.82 490.57,-648.79 186.83,-163.27 397.33,-245.32 631.16,-245.32 151.58,0 265.6,93.91 341.98,280.53 75.53,187.04 113.91,414.9 113.91,683.68 0,268.96 -41.38,552.27 -122.91,850.23 -81.63,298.03 -210.22,555.16 -385.44,770.99 -175.4,216.47 -397.76,368.3 -666.12,455.97 -269.03,87.45 -590.34,49.74 -964.07,-114.05 46.36,-385.55 116.52,-753.68 210.15,-1104.37zm10070.18 5898.48c-41.06,-192.83 -93.59,-455.62 -157.65,-788.96 -64.53,-332.81 -96.59,-756.18 -96.59,-1270.7 0,-642.41 14.57,-1162.44 43.85,-1560.13 29.07,-397.01 61.45,-718.71 96.52,-963.86 34.92,-245.49 66.95,-441 96.41,-587.27 28.86,-146.05 43.78,-289.24 43.78,-429.36 0,-210.36 -87.73,-382.69 -262.75,-517.24 -175.54,-134.24 -377.15,-239.33 -605.01,-315.63 -227.86,-75.82 -455.65,-125.35 -683.37,-148.81 -228.07,-23.21 -394.54,-35.03 -499.67,-35.03 -210.4,0 -344.81,87.63 -403.19,263.03 -58.63,175.02 -87.63,344.77 -87.63,508.25 0,93.66 -6.07,268.96 -17.71,525.85 -11.57,257.14 -29,549.28 -52.32,876.41 -105.3,350.69 -233.96,727.35 -385.8,1130.4 -152.15,403.3 -301.02,794.81 -447.04,1174.58 -145.98,379.9 -289.17,733.49 -429.43,1060.59 -139.98,327.27 -251.39,590.05 -333.06,788.74 -58.63,-210.47 -105.2,-479.18 -140.37,-806.42 -34.57,-327.09 -52.32,-753.6 -52.32,-1279.45 0,-619.23 35.03,-1212.25 105.13,-1779.2 70.1,-566.7 145.94,-1078.05 227.86,-1533.81 81.77,-455.75 157.73,-847.05 227.86,-1174.43 70.06,-326.78 105.16,-572.45 105.16,-736.14 0,-151.91 -64.24,-297.92 -192.72,-438.33 -128.73,-140.16 -292.28,-262.85 -490.57,-368.02 -199.11,-105.3 -418.26,-189.9 -657.47,-254.14 -239.72,-64.06 -476.43,-96.3 -710.15,-96.3 -198.58,0 -324.02,29.24 -376.9,87.52 -52.22,58.49 -70.07,134.41 -52.22,227.93 17.33,93.63 46.39,195.76 87.32,306.77 40.95,111.06 61.56,218.97 61.56,324.07 0,152.18 -23.71,438.32 -70.17,859.01 -46.85,420.72 -96.56,900.01 -148.98,1437.39 -52.81,537.64 -102.38,1095.55 -148.98,1673.86 -46.56,578.49 -70.06,1107.37 -70.06,1586.34 0,78.85 4.41,152.75 7.34,228.25 -55.56,71.61 -113.21,141.74 -173.74,210.08 -228.18,256.99 -488.21,470.71 -780.28,639.65 -292.17,169.76 -625.16,254.11 -999.17,254.11 -245.5,0 -487.72,-102.03 -727.25,-306.6 -239.64,-204.29 -450.15,-470.36 -631.23,-797.56 -181.04,-327.03 -324.23,-701.36 -429.43,-1121.76 -104.99,-420.8 -139.99,-847.09 -104.99,-1279.67 186.65,58.6 394.34,111.13 622.26,157.8 228.01,46.85 446.97,70.2 657.16,70.2 572.66,0 1051.74,-236.68 1437.64,-710.11 385.44,-473.32 578.17,-1171.29 578.17,-2094.54 0,-490.75 -84.71,-920.4 -254.14,-1288.31 -169.58,-368.13 -388.52,-616.41 -657.44,-744.89 -139.95,-70.31 -338.84,-122.88 -595.91,-157.8 -256.9,-35.1 -528.89,-49.5 -815.03,-43.85 -286.35,5.86 -569.38,46.67 -850.08,122.45 -280.53,76.23 -508.36,190.29 -683.69,341.91 -175.01,163.76 -370.87,409.26 -587.3,736.21 -216.26,327.2 -417.76,712.86 -604.49,1156.94 -187.15,444.36 -344.87,932.07 -473.35,1463.67 -128.73,531.85 -192.76,1083.81 -192.76,1656.47 0,444.04 87.45,897.01 262.89,1358.48 175.47,461.57 429.54,885.12 762.63,1270.88 332.92,385.51 741.68,701.07 1226.82,946.43 484.79,245.43 1031.14,368.16 1639.01,368.16 455.75,0 867.55,-105.02 1235.67,-315.7 368.13,-210.36 692.44,-478.83 973.04,-806.34 89.92,-104.85 174.51,-214.11 256.71,-325.02 26.35,119.49 56.62,234.85 93.66,342.55 128.45,374.33 292.07,686.64 490.61,938.07 198.62,251.35 409.12,444.01 631.3,578.31 221.72,134.41 432.26,227.82 631.01,280.49 198.69,52.57 361.88,66.96 490.68,43.64 128.59,-23.28 192.76,-76.13 192.76,-157.55 0,-93.45 -14.54,-175.44 -43.71,-245.53 -29.14,-69.89 -61.07,-151.7 -96.27,-245.43l1332.05 -3347.83c-11.82,163.8 -17.75,315.56 -17.75,455.76 0,140.08 0,274.63 0,403.08 0,490.79 72.99,911.47 219.26,1262.1 146.19,350.27 333.02,637.22 560.98,858.8 228.04,222.18 484.47,382.94 771.35,482.11 286.1,99.66 569.49,148.94 849.95,148.94 175.29,0 274.53,-40.75 298.06,-122.73 23.32,-81.67 14.64,-218.94 -26.32,-411.83z"/>
   <path class="fil1" d="M32955.6 10079.68c-648.76,296.19 -1395.94,444.39 -2242.25,444.39 -771.14,0 -1483.44,-126.96 -2137.03,-380.93 -653.55,-253.93 -1220.04,-613.51 -1699.47,-1079 -479.46,-465.49 -855.91,-1022.57 -1128.29,-1671.4 -273.01,-648.89 -409.15,-1363.16 -409.15,-2143.97 0,-799.07 138.64,-1523.29 416.1,-2172.12 277.14,-648.69 660.54,-1200.96 1149.56,-1657.28 488.71,-455.89 1062.39,-806.13 1720.78,-1050.82 658,-244.33 1367.97,-366.61 2129.76,-366.61 705.27,0 1398.48,124.64 2080.4,373.74 681.92,249.2 1234.02,613.51 1657.35,1093.11l-1636.18 1636.05c-225.78,-310.27 -522.12,-540.6 -888.65,-690.95 -366.54,-150.39 -742.95,-225.85 -1128.29,-225.85 -423.09,0 -811.21,77.68 -1163.85,232.8 -352.32,155.22 -655.74,369.07 -909.57,641.84 -253.89,272.7 -451.45,594.68 -592.31,966.15 -141.15,371.41 -211.49,778.09 -211.49,1219.94 0,451.45 70.34,865.3 211.49,1241.22 140.86,376.23 335.88,698.25 585.12,966.25 249.16,268.01 547.72,477.24 895.84,627.6 347.63,150.56 728.52,225.67 1142.37,225.67 479.7,0 897.99,-93.84 1255.36,-282.05 357.01,-187.96 643.81,-432.33 860.42,-733.42l1678.52 1579.74c-442.03,507.68 -987.43,909.74 -1636.54,1205.9z"/>
   <path class="fil1" d="M39839 10255.92l0 -973.13 -28.22 0c-84.67,159.98 -195.44,310.23 -331.61,451.31 -136.17,141.04 -295.98,263.34 -479.43,366.88 -183.44,103.47 -385.58,187.82 -606.42,253.79 -221.19,65.62 -454.03,98.68 -698.15,98.68 -470.25,0 -867.48,-84.64 -1192.04,-253.86 -324.55,-169.2 -587.72,-387.85 -789.87,-655.92 -202.14,-267.97 -347.83,-573.34 -437.09,-916.77 -89.25,-343.18 -134.05,-693.42 -134.05,-1050.82l0 -4344.14 2327.27 0 0 3808.27c0,197.49 14.11,385.56 42.34,564.13 28.22,178.82 82.19,338.53 162.27,479.5 79.73,141.14 185.56,251.74 317.5,331.47 131.59,80.08 305.16,119.84 521.76,119.84 404.29,0 711.91,-150.25 923.93,-451.31 211.31,-300.68 317.14,-653.31 317.14,-1057.81l0 -3794.09 2313.17 0 0 7023.98 -2228.5 0z"/>
   <path class="fil1" d="M48146.57 5136.03c-103.72,-28.26 -204.62,-46.92 -303.04,-56.45 -99.13,-9.24 -195.44,-14.18 -289.28,-14.18 -310.44,0 -571.5,56.55 -783.17,168.87 -211.31,112.68 -380.64,248.68 -507.64,407.89 -126.65,159.66 -218.37,333.05 -274.82,520.48 -56.44,187.68 -84.66,351.55 -84.66,492.27l0 3601.01 -2313.17 0 0 -7015.76 2228.5 0 0 1015.61 28.22 0c178.51,-359.76 432.16,-653.2 761.65,-880.42 328.79,-227.26 709.79,-341 1142.29,-341 93.84,0 185.92,4.83 275.17,14.25 89.25,9.32 162.28,23.43 218.72,42.16l-98.77 2045.27z"/>
   <path class="fil1" d="M53026.89 5305.15c-188.38,-178.37 -409.22,-328.93 -663.22,-451.21 -253.65,-122.2 -521.76,-183.51 -803.98,-183.51 -216.25,0 -415.92,42.33 -599.37,127.07 -183.44,84.6 -275.17,230.51 -275.17,437.23 0,197.56 101.25,338.53 303.39,423.05 202.14,84.67 528.82,178.76 980.37,282.23 262.82,56.41 528.82,136.45 796.93,239.71 268.11,103.64 510.11,239.85 726.37,409.04 216.25,169.23 390.17,376.28 521.76,620.61 131.58,244.62 197.55,535.94 197.55,874.47 0,442.1 -89.6,815.97 -267.76,1121.34 -178.86,305.82 -411.69,552.62 -698.5,740.41 -286.81,188.24 -608.89,324.52 -966.26,409.18 -357.36,84.49 -714.72,126.86 -1071.73,126.86 -573.62,0 -1135.6,-91.65 -1685.58,-274.99 -550.33,-183.37 -1008.59,-453.71 -1375.48,-810.96l1297.87 -1368.22c206.73,225.67 460.73,413.88 761.65,564.09 300.92,150.64 620.54,225.78 959.2,225.78 187.68,0 373.59,-44.59 557.04,-133.95 183.44,-89.32 275.16,-246.84 275.16,-472.58 0,-216.22 -112.88,-375.85 -338.66,-479.6 -225.43,-103.33 -578.2,-211.49 -1057.98,-324.34 -244.48,-56.45 -488.95,-131.63 -733.07,-225.71 -244.83,-93.8 -463.2,-220.77 -655.82,-380.97 -192.97,-159.63 -350.66,-357.18 -472.72,-592.27 -122.41,-234.88 -183.45,-516.96 -183.45,-846.21 0,-423.27 89.26,-782.85 268.12,-1079.11 178.5,-296.09 408.87,-538.2 691.09,-726.3 281.87,-188.07 594.78,-326.75 937.68,-416.1 343.25,-89.26 684.39,-133.92 1022.7,-133.92 526.7,0 1041.76,82.34 1544.82,246.66 502.71,164.71 928.16,411.48 1275.99,740.52l-1268.94 1311.7z"/>
   <path class="fil1" d="M60487.79 6715.69c0,-225.7 -37.75,-446.47 -112.89,-662.94 -75.14,-216.21 -183.09,-406.61 -324.2,-571.21 -141.11,-164.47 -315.03,-298.42 -521.76,-401.96 -207.08,-103.36 -446.97,-155.15 -719.67,-155.15 -272.69,0 -512.23,51.79 -719.31,155.15 -206.73,103.54 -378.53,237.49 -514.7,401.96 -136.18,164.6 -239.54,355 -310.45,571.21 -70.2,216.47 -105.48,437.24 -105.48,662.94 0,225.71 35.28,446.66 105.48,662.98 70.91,216.46 176.39,411.44 317.5,585.26 141.11,174.16 315.03,312.74 522.11,416.17 206.38,103.58 446.27,155.05 719.32,155.05 272.34,0 512.23,-51.47 718.96,-155.05 207.08,-103.43 381,-242.01 522.11,-416.17 141.11,-173.82 246.59,-368.8 317.5,-585.26 70.2,-216.32 105.48,-437.27 105.48,-662.98zm2228.85 0c0,573.8 -103.72,1093.05 -310.44,1558.58 -207.08,465.42 -488.95,860.39 -846.32,1184.84 -357.36,324.41 -771.17,576.01 -1241.07,754.48 -470.61,178.61 -973.31,268.04 -1509.54,268.04 -526.69,0 -1027.29,-89.43 -1501.77,-268.04 -475.19,-178.47 -888.65,-430.07 -1241.43,-754.48 -352.42,-324.45 -632.53,-719.42 -839.25,-1184.84 -206.73,-465.53 -310.1,-984.78 -310.1,-1558.58 0,-573.37 103.37,-1090.64 310.1,-1551.41 206.72,-460.65 486.83,-851.04 839.25,-1170.83 352.78,-319.51 766.24,-564.13 1241.43,-733.39 474.48,-169.3 975.08,-253.79 1501.77,-253.79 536.23,0 1038.93,84.49 1509.54,253.79 469.9,169.26 883.71,413.88 1241.07,733.39 357.37,319.79 639.24,710.18 846.32,1170.83 206.72,460.77 310.44,978.04 310.44,1551.41z"/>
   <path class="fil2" d="M4644.61 15306.23l-1619.63 0 0 1324.61 1880.38 0 0 402.3 -2373.57 0 0 -3736.92 2348.24 0 0 405.28 -1855.05 0 0 1200.94 1619.63 0 0 403.79zm3208.47 1726.91l0 -3736.92 1054.92 0c324.82,0 612.39,71.52 862.71,214.56 248.83,144.53 442.53,348.66 578.12,613.88 135.59,265.22 205.62,570.67 207.11,914.86l0 238.4c0,353.13 -68.54,661.56 -204.13,926.78 -135.59,265.22 -330.78,469.35 -582.59,610.9 -251.81,141.55 -546.83,214.56 -882.08,217.54l-1034.06 0zm493.19 -3331.64l0 2929.34 518.52 0c379.95,0 674.97,-117.71 886.55,-354.62 211.58,-236.91 317.37,-572.16 317.37,-1008.73l0 -219.03c0,-424.65 -99.83,-753.94 -299.49,-989.36 -199.66,-233.93 -482.76,-353.13 -847.81,-357.6l-575.14 0zm7918.36 -405.28l0 2540.45c-1.49,353.13 -113.24,640.7 -332.27,864.2 -220.52,224.99 -518.52,350.15 -895.49,378.46l-131.12 4.47c-408.26,0 -733.08,-110.26 -975.95,-330.78 -242.87,-220.52 -366.54,-524.48 -371.01,-910.39l0 -2546.41 487.23 0 0 2530.02c0,271.18 74.5,481.27 223.5,630.27 149,150.49 360.58,224.99 636.23,224.99 278.63,0 493.19,-74.5 640.7,-223.5 147.51,-149 222.01,-359.09 222.01,-628.78l0 -2533 496.17 0zm5860.67 2550.88c-46.19,394.85 -192.21,700.3 -438.06,914.86 -245.85,214.56 -572.16,321.84 -978.93,321.84 -441.04,0 -794.17,-157.94 -1060.88,-475.31 -266.71,-315.88 -399.32,-739.04 -399.32,-1269.48l0 -359.09c0,-347.17 62.58,-652.62 186.25,-916.35 123.67,-263.73 299.49,-464.88 527.46,-606.43 227.97,-141.55 490.21,-211.58 789.7,-211.58 397.83,0 715.2,110.26 955.09,332.27 239.89,222.01 378.46,527.46 418.69,919.33l-494.68 0c-43.21,-298 -137.08,-514.05 -278.63,-646.66 -143.04,-132.61 -342.7,-199.66 -600.47,-199.66 -314.39,0 -561.73,116.22 -740.53,348.66 -178.8,232.44 -268.2,563.22 -268.2,993.83l0 360.58c0,406.77 84.93,728.61 254.79,968.5 168.37,239.89 405.28,359.09 710.73,359.09 274.16,0 484.25,-62.58 630.27,-186.25 146.02,-123.67 242.87,-339.72 292.04,-648.15l494.68 0zm5069.48 210.09l-1565.99 0 -351.64 975.95 -508.09 0 1427.42 -3736.92 430.61 0 1430.4 3736.92 -506.6 0 -356.11 -975.95zm-1416.99 -405.28l1270.97 0 -636.23 -1747.77 -634.74 1747.77zm7836.34 195.19c-46.19,394.85 -192.21,700.3 -438.06,914.86 -245.85,214.56 -572.16,321.84 -978.93,321.84 -441.04,0 -794.17,-157.94 -1060.88,-475.31 -266.71,-315.88 -399.32,-739.04 -399.32,-1269.48l0 -359.09c0,-347.17 62.58,-652.62 186.25,-916.35 123.67,-263.73 299.49,-464.88 527.46,-606.43 227.97,-141.55 490.21,-211.58 789.7,-211.58 397.83,0 715.2,110.26 955.09,332.27 239.89,222.01 378.46,527.46 418.69,919.33l-494.68 0c-43.21,-298 -137.08,-514.05 -278.63,-646.66 -143.04,-132.61 -342.7,-199.66 -600.47,-199.66 -314.39,0 -561.73,116.22 -740.53,348.66 -178.8,232.44 -268.2,563.22 -268.2,993.83l0 360.58c0,406.77 84.93,728.61 254.79,968.5 168.37,239.89 405.28,359.09 710.73,359.09 274.16,0 484.25,-62.58 630.27,-186.25 146.02,-123.67 242.87,-339.72 292.04,-648.15l494.68 0zm3534.78 1186.04l-493.19 0 0 -3736.92 493.19 0 0 3736.92zm6108.01 -1747.77c0,366.54 -61.09,685.4 -184.76,958.07 -123.67,272.67 -298,481.27 -522.99,624.31 -224.99,144.53 -488.72,216.05 -791.19,216.05 -293.53,0 -554.28,-73.01 -782.25,-217.54 -227.97,-144.53 -403.79,-350.15 -528.95,-618.35 -126.65,-266.71 -190.72,-576.63 -195.19,-929.76l0 -269.69c0,-359.09 62.58,-676.46 187.74,-952.11 125.16,-275.65 302.47,-485.74 530.44,-631.76 227.97,-146.02 490.21,-219.03 783.74,-219.03 299.49,0 563.22,71.52 791.19,216.05 227.97,144.53 403.79,354.62 527.46,628.78 123.67,275.65 184.76,594.51 184.76,958.07l0 236.91zm-490.21 -241.38c0,-442.53 -89.4,-783.74 -266.71,-1020.65 -177.31,-236.91 -426.14,-354.62 -746.49,-354.62 -311.41,0 -557.26,117.71 -736.06,354.62 -178.8,236.91 -271.18,566.2 -275.65,987.87l0 274.16c0,429.12 90.89,765.86 271.18,1011.71 180.29,245.85 429.12,369.52 745,369.52 318.86,0 566.2,-116.22 740.53,-348.66 174.33,-230.95 263.73,-563.22 268.2,-996.81l0 -277.14zm6435.81 1989.15l-496.17 0 -1880.38 -2880.17 0 2880.17 -496.17 0 0 -3736.92 496.17 0 1886.34 2892.09 0 -2892.09 490.21 0 0 3736.92zm5318.38 -975.95l-1565.99 0 -351.64 975.95 -508.09 0 1427.42 -3736.92 430.61 0 1430.4 3736.92 -506.6 0 -356.11 -975.95zm-1416.99 -405.28l1270.97 0 -636.23 -1747.77 -634.74 1747.77zm5611.84 978.93l1770.12 0 0 402.3 -2266.29 0 0 -3736.92 496.17 0 0 3334.62z"/>
  </g>
 </g>
</svg>
